a=[4600
6310
7900
10100
15100
19555
26554
36057
48962
66485





];
b=a.*2
